Channel 1,Channel 2,Channel 3,Channel 4,Channel 5,Channel 6,Channel 7
56.6138,81.7283,76.5454,41.0523,4149.38,5.21311,8.40207
55.2844,81.9062,76.2457,42.4859,4081.63,5.2239,8.40307
56.1282,82.3909,75.928,41.3769,4132.23,5.21833,8.41522
55.7564,82.6487,75.7922,41.5964,4149.38,5.21894,8.43392
55.6577,82.5812,76.2379,41.4245,4098.36,5.22561,8.4444
55.9679,82.3831,76.1537,41.4272,4115.23,5.22311,8.45438
56.1407,82.1693,76.6476,40.7405,4065.04,5.2233,8.46745
56.1985,82.0197,76.4709,41.3165,4032.26,5.22663,8.4848
55.9048,82.7919,75.7803,41.3423,4081.63,5.21593,8.5
55.7578,82.4334,76.2753,41.5603,4132.23,5.21916,8.5102
56.5312,82.5144,76.0969,40.918,4098.36,5.2174,8.53147
55.9295,82.5361,76.4865,41.0626,4115.23,5.22607,8.53724
56.0338,82.0475,76.6626,41.0226,4115.23,5.22652,8.5458
55.3594,82.6946,76.9799,40.915,4166.67,5.23093,8.55365
55.9994,82.6794,76.3556,40.7425,4065.04,5.23261,8.5663
54.7648,82.1102,77.1814,41.8772,4016.06,5.23298,8.57503
55.5907,82.6147,76.6766,40.9122,4132.23,5.24364,8.57574
55.851,82.5548,76.8451,40.4786,4115.23,5.25035,8.5818
55.9866,82.4822,76.917,40.5715,4065.04,5.25305,8.59155
55.4756,82.528,77.1185,40.7507,4166.67,5.25645,8.60333
55.9111,82.4052,77.0714,40.5178,4032.26,5.25654,8.60617
55.8359,82.744,76.4455,40.8298,4098.36,5.25687,8.61615
55.0847,82.28,76.9626,41.5015,4081.63,5.23942,8.63377
55.5064,82.8179,76.8846,40.8194,4149.38,5.24055,8.63959
55.8109,82.6362,77.0395,40.574,4132.23,5.24085,8.65078
54.8001,82.3667,77.1114,41.4697,4098.36,5.25265,8.66252
56.1989,82.3939,76.3564,40.8932,4115.23,5.26264,8.67739
55.7015,81.201,78.0395,41.0886,4065.04,5.25746,8.68961
55.9104,81.8335,77.2689,41.0482,4098.36,5.25766,8.70723
55.2607,83.026,76.9247,40.6538,4115.23,5.2484,8.722
55.4531,82.2057,77.2839,40.741,4149.38,5.25894,8.73329
55.6474,82.556,77.0111,40.5626,4132.23,5.26295,8.73587
55.4187,82.3978,77.0218,41.1689,4065.04,5.27438,8.73839
55.0348,82.3827,77.6811,40.9586,4098.36,5.28233,8.73269
55.7949,82.7996,76.8425,40.5169,4149.38,5.28446,8.74334
55.5064,82.6251,77.1264,40.5558,4115.23,5.28773,8.74952
55.1166,82.6929,77.3196,40.7847,4149.38,5.28607,8.75328
55.3669,82.5727,77.2802,40.8223,4115.23,5.28977,8.75863
55.3127,83.1142,76.2796,41.3103,4132.23,5.29727,8.75749
55.4521,82.834,76.8921,40.7842,4149.38,5.30496,8.76406
55.4064,82.6855,77.1069,40.6128,4149.38,5.30533,8.76611
55.9058,82.6683,77.2059,39.9818,4115.23,5.31676,8.77048
55.9666,82.8948,76.6203,40.4535,4149.38,5.31943,8.78412
54.8612,82.4939,77.3363,41.0814,4115.23,5.3215,8.78607
54.5636,82.9291,77.3885,40.9953,4098.36,5.318,8.7895
55.1994,83.154,76.5526,40.7796,4081.63,5.32333,8.79862
55.18,83.2236,76.9461,40.3913,4132.23,5.32593,8.81609
55.7781,83.135,76.8017,40.0113,4098.36,5.32396,8.82321
55.8638,83.3351,76.8049,39.7694,4048.58,5.32504,8.8427
55.5838,82.9944,76.7255,40.5944,4132.23,5.32344,8.84967
55.279,83.6054,76.1909,40.9153,4149.38,5.32269,8.85836
55.4294,82.9143,77.3141,40.2611,4132.23,5.31808,8.86434
55.365,83.2214,76.7368,40.5104,4098.36,5.32077,8.86748
55.097,83.3412,77.1056,40.3226,4098.36,5.32303,8.87343
55.1247,83.2115,77.0521,40.4892,4132.23,5.32028,8.88514
55.2174,82.347,78.0187,40.293,4065.04,5.31905,8.88371
55.8209,83.0043,77.2384,39.9408,4132.23,5.32919,8.89123
55.6962,82.841,77.2965,40.0478,4115.23,5.33456,8.89217
55.1285,83.5758,76.9503,40.3547,4115.23,5.32642,8.89895
55.3062,83.2986,76.8595,40.4038,4132.23,5.32309,8.91114
55.4655,83.061,77.0593,40.2925,4132.23,5.32439,8.9258
54.8831,83.5254,77.3752,40.0541,4132.23,5.32032,8.93797
54.9992,83.4839,77.2917,40.1095,4132.23,5.32829,8.9466
54.9634,82.6582,78.1548,40.2608,4081.63,5.34099,8.95786
55.8433,83.2416,77.0661,39.9112,4132.23,5.34158,8.96123
55.0348,82.9053,78.2553,39.7516,4081.63,5.34348,8.97206
55.7999,83.1976,77.1434,39.791,4149.38,5.35371,8.98287
55.4317,83.3902,77.2701,39.6095,4132.23,5.36987,8.99216
54.668,83.9304,77.0235,40.3801,4065.04,5.38867,9.00044
54.8093,83.4689,77.2587,40.1725,4081.63,5.37935,9.0158
55.5664,83.6362,77.111,39.5921,4132.23,5.3719,9.0223
54.9407,83.6795,77.6045,39.8119,4081.63,5.37732,9.03934
55.3495,82.9719,77.7416,39.6485,4149.38,5.37938,9.04606
55.2615,83.8539,77.2068,39.365,4149.38,5.37397,9.06169
55.4129,83.5005,76.7981,40.2938,4115.23,5.36251,9.06411
55.6426,83.2419,77.4546,39.6704,4132.23,5.36883,9.08045
55.9144,83.9352,76.7022,39.428,4149.38,5.37566,9.09526
55.5859,83.9073,76.6507,39.9089,4098.36,5.37285,9.09985
55.3516,83.6055,77.391,39.7165,4132.23,5.3709,9.11359
55.0904,83.9145,77.4812,39.5803,4132.23,5.36971,9.12943
55.1106,83.4817,77.6538,39.8206,4065.04,5.37003,9.14227
55.4662,83.4764,77.2506,39.578,4098.36,5.37823,9.14535
54.9611,84.2076,76.755,40.0427,4132.23,5.37856,9.1689
55.5043,83.6225,77.1562,39.7677,4098.36,5.38282,9.18299
55.404,83.568,77.2829,39.8094,4098.36,5.38297,9.19151
55.0367,83.9427,77.3339,39.5888,4115.23,5.38828,9.19859
55.1239,84.412,76.9277,39.5766,4149.38,5.38473,9.20831
55.3205,83.5237,77.3447,39.8738,4098.36,5.38992,9.21446
55.3413,84.3084,77.2174,39.1992,4115.23,5.38635,9.2183
54.9465,83.7564,77.254,39.9652,4081.63,5.3907,9.23087
55.3611,83.5675,78.3795,38.7354,4115.23,5.39863,9.24093
55.3035,84.2697,77.0289,39.3238,4098.36,5.40261,9.25333
54.7017,84.1334,77.5831,39.6259,4132.23,5.39728,9.27442
55.0116,83.977,77.2392,39.7083,4115.23,5.40404,9.2852
54.8596,83.5466,77.863,39.7766,4098.36,5.41276,9.28552
54.7223,84.5626,77.2042,39.696,4132.23,5.42074,9.29382
54.7656,84.078,77.4877,39.5333,4115.23,5.42467,9.31002
55.154,83.9732,77.3369,39.5605,4098.36,5.421,9.31867
54.8767,84.2762,77.5596,39.3477,4132.23,5.4137,9.3214
54.9012,84.2517,77.3152,39.3593,4098.36,5.41722,9.3441
55.1181,84.0458,77.4155,39.342,4132.23,5.40576,9.34932
55.4996,84.1205,77.7483,38.426,4115.23,5.41025,9.35186
54.995,84.1387,78.2071,38.682,4132.23,5.40844,9.35238
54.7484,84.1181,77.5379,39.4231,4132.23,5.41245,9.358
54.5734,84.4024,77.2525,39.5346,4132.23,5.41235,9.35357
54.6198,83.7946,77.9175,39.3352,4065.04,5.41576,9.36069
55.5241,83.9251,77.8729,38.6036,4065.04,5.41111,9.36881
55.2743,84.341,77.4021,39.0266,4132.23,5.40781,9.38332
55.0473,85.0881,77.1113,38.6189,4098.36,5.41803,9.39027
54.886,84.2001,77.4936,39.1653,4098.36,5.41293,9.41329
54.5663,84.5547,77.4592,39.3772,4132.23,5.42249,9.42218
54.9514,84.411,77.2207,39.354,4098.36,5.42538,9.42318
54.7957,84.1279,77.6317,39.14,4132.23,5.42127,9.43489
54.5932,83.8389,77.871,39.5247,3984.06,5.41666,9.44087
54.9518,84.6657,77.2966,38.9257,4098.36,5.42649,9.44906
54.9848,84.0885,78.0522,38.8648,4065.04,5.42876,9.444
54.8178,84.4197,77.932,38.885,4149.38,5.44044,9.43897
54.5594,85.1617,77.4727,38.7033,4132.23,5.44825,9.45125
54.7409,84.8893,77.0146,39.0441,4115.23,5.44722,9.46426
54.6382,84.3736,77.435,39.2082,4149.38,5.44698,9.4666
55.4286,84.3203,78.0268,38.0101,4149.38,5.44367,9.48463
54.6926,84.5662,78.011,38.401,4149.38,5.43532,9.49964
54.4575,84.3878,78.1286,38.8065,4115.23,5.42659,9.50565
54.3368,84.7505,77.7607,39.1557,4149.38,5.41809,9.50896
54.762,84.6489,78.2988,38.2254,4132.23,5.42343,9.51548
54.3909,84.7335,77.4237,39.4975,4132.23,5.43341,9.51677
54.9003,84.6442,77.7735,38.7455,4115.23,5.43733,9.52379
54.2892,84.498,78.0973,39.1819,4115.23,5.43012,9.53057
55.1631,84.4074,78.2345,38.1507,4132.23,5.44159,9.53916
55.011,84.6493,77.6782,38.3648,4081.63,5.44383,9.55152
54.6807,84.6578,77.6756,38.6433,4098.36,5.45363,9.55432
54.6699,84.336,78.015,38.9776,4149.38,5.43435,9.56816
54.9633,84.8294,77.6399,38.3742,4149.38,5.43766,9.57964
54.3487,85.0847,77.9098,38.5752,4081.63,5.44831,9.58264
54.6575,84.8216,78.019,38.1943,4132.23,5.46286,9.59112
54.8153,85.1826,77.3887,38.2936,4149.38,5.45165,9.60697
54.2027,84.8524,77.9995,38.6858,4115.23,5.45524,9.62035
54.7733,84.6086,78.1846,38.3652,4081.63,5.45009,9.63876
54.0938,84.0369,79.137,38.7773,4048.58,5.44879,9.65415
54.8901,85.0242,77.9052,38.0367,4149.38,5.45238,9.65761
53.096,84.7937,78.8056,39.3374,4098.36,5.45917,9.66161
54.3824,85.4052,77.8365,38.4374,4065.04,5.46562,9.67389
54.6356,84.9376,78.1398,38.2504,4098.36,5.46481,9.68348
54.5153,85.0724,77.6099,38.7976,4081.63,5.46474,9.70214
54.676,84.8051,78.2311,38.343,4149.38,5.47158,9.71223
54.7063,84.9054,78.2002,37.9516,4149.38,5.4783,9.71951
54.9343,85.2835,77.8476,37.9069,4132.23,5.47818,9.72226
54.7886,84.7873,78.7483,37.5833,4115.23,5.4899,9.729
54.5457,85.006,78.0151,38.2732,4149.38,5.49042,9.73188
54.19,84.1952,78.6903,38.7968,4115.23,5.49919,9.74128
53.8697,84.867,78.5289,38.6166,4081.63,5.50188,9.75346
54.4904,85.102,78.4254,37.8464,4149.38,5.49781,9.76123
54.0441,85.4416,78.1157,38.2598,4098.36,5.4985,9.77462
54.9217,85.6634,77.5359,37.9126,4115.23,5.50128,9.7729
54.7021,85.0081,78.0956,38.1199,4098.36,5.49966,9.78791
54.555,85.2585,77.8347,38.1974,4115.23,5.50406,9.79228
54.3698,85.278,78.0124,38.1495,4132.23,5.5129,9.81013
54.0294,84.7008,78.6262,38.3183,4098.36,5.51275,9.8182
54.293,85.1833,78.5535,37.7459,4149.38,5.51154,9.82163
54.4297,85.0968,78.1762,38.186,4149.38,5.51771,9.82429
55.2841,85.327,77.734,37.5781,4115.23,5.5188,9.83064
54.2848,85.6427,77.8402,38.2759,4115.23,5.52171,9.83817
54.7278,85.4533,78.1474,37.7346,4149.38,5.5246,9.84654
54.3011,85.2102,78.7532,37.8019,4115.23,5.52175,9.85394
53.9727,85.3055,78.6374,38.0466,4081.63,5.52308,9.87124
54.2089,85.6764,78.0725,37.9907,4149.38,5.51407,9.89224
54.4121,85.367,78.2258,37.7903,4115.23,5.50684,9.9008
54.3122,85.5784,78.3984,37.6243,4149.38,5.50873,9.90952
54.3621,85.2832,78.3669,37.9154,4132.23,5.51048,9.90625
54.2356,85.2566,78.3083,37.8933,4115.23,5.51283,9.92331
54.248,85.2945,77.9379,38.4438,4149.38,5.51133,9.92255
54.304,85.9503,77.9679,37.7704,4115.23,5.51457,9.94008
54.884,85.4318,78.2964,37.3042,4149.38,5.51371,9.94888
54.344,85.4939,78.4402,37.6923,4132.23,5.52166,9.9574
54.3442,85.2758,78.6293,37.5221,4115.23,5.51814,9.95791
54.1815,85.3247,78.5195,37.9254,4081.63,5.51948,9.96594
54.3937,85.7552,77.9268,37.7807,4132.23,5.52226,9.9722
54.6905,85.7194,77.8268,37.7961,4132.23,5.51738,9.98176
54.1142,85.5538,78.7164,37.4914,4115.23,5.51577,9.98967
54.06,85.8743,78.3078,37.612,4166.67,5.52258,9.98753
54.34,85.5554,78.4531,37.684,4098.36,5.53003,9.99533
53.8344,85.7552,78.2569,37.9132,4098.36,5.53773,10.0147
54.2529,85.9867,78.2294,37.1976,4132.23,5.54003,10.0272
51.7936,91.3666,81.8835,30.9824,4149.38,6.10114,12.5756
51.8844,91.3571,81.6753,31.123,4132.23,6.11146,12.5934
51.7597,91.457,81.5362,31.2212,4081.63,6.12459,12.6039
51.8167,91.7508,81.3952,30.821,4132.23,6.11151,12.6084
51.0282,90.2493,82.2466,32.1463,4065.04,6.11596,12.6108
52.1446,92.036,80.6952,30.7763,4132.23,6.12262,12.6187
51.458,91.1387,81.9797,31.358,4016.06,6.1237,12.6153
52.0762,91.0919,82.2388,30.4474,4166.67,6.13324,12.6339
51.4635,92.0238,81.3929,31.1523,4000,6.1371,12.6484
51.6298,92.681,80.4024,31.1747,4065.04,6.1455,12.6558
51.7341,90.3353,83.4403,30.5282,4149.38,6.13827,12.6741
50.7303,90.7946,82.436,32.1013,4081.63,6.1368,12.6834
52.1448,91.6793,81.6868,30.3926,4149.38,6.13785,12.6923
51.8367,91.6617,81.8605,30.649,4098.36,6.14503,12.7049
51.5058,91.5676,81.9731,31.0108,4115.23,6.15606,12.7156
51.5909,91.3821,81.9773,30.9764,4115.23,6.16391,12.724
50.9967,91.7432,82.128,30.8486,4115.23,6.16613,12.728
51.8259,91.6117,82.1336,30.4187,4149.38,6.16811,12.7417
51.1968,91.4978,82.1445,30.8824,4149.38,6.17687,12.7554
51.3421,91.8327,81.9792,30.6275,4149.38,6.16941,12.7643
51.6824,91.9135,82.0064,30.1861,4149.38,6.16178,12.7798
51.7122,91.6002,81.7295,30.745,4149.38,6.16631,12.7725
51.1588,91.9263,81.8724,30.8268,4115.23,6.16869,12.794
51.869,92.0019,81.7603,30.3843,4098.36,6.17418,12.8052
51.3916,91.6406,81.9778,30.8047,4149.38,6.17667,12.7898
51.6987,92.1099,82.089,30.1277,4115.23,6.18637,12.8166
50.6605,91.4594,82.6321,31.2084,4098.36,6.17936,12.8069
51.8103,91.5998,82.222,30.1619,4149.38,6.18389,12.8321
51.5303,91.7624,81.977,30.6614,4149.38,6.18789,12.8329
51.4588,91.6164,82.7453,30.192,4065.04,6.20278,12.85
51.4525,91.6417,82.289,30.3644,4132.23,6.20622,12.8599
52.3314,92.2798,82.1852,29.2187,4081.63,6.20555,12.8742
51.1196,92.2237,82.3321,30.3832,4081.63,6.20764,12.8899
51.5433,91.726,82.8305,29.9658,4065.04,6.20597,12.896
51.8071,91.9483,82.0194,30.2919,4115.23,6.21649,12.8991
52.037,93.2101,82.2189,28.6008,4115.23,6.22464,12.91
55.8325,95.4773,78.2381,26.3316,4115.23,6.16352,12.976
54.2505,98.1121,84.1812,19.3777,4149.38,6.32104,13.5132
62.397,79.1448,94.9374,19.3347,4098.36,7.26618,13.8131
65.364,81.8613,93.0681,15.5969,4081.63,9.19004,13.0511
65.2215,82.0011,98.6273,10.1464,4132.23,10.9502,13.3645
69.8035,80.5177,100,1.06448,4098.36,12.8692,13.8317
70.6668,81.9004,100,0.948975,4149.38,15.4582,14.1071
68.943,79.8552,98.4652,8.47815,4081.63,17.4288,14.5173
64.4595,76.4904,94.206,20.6781,4115.23,18.4791,14.5958
64.0706,82.3224,86.7301,22.906,4098.36,18.9669,14.3809
70.557,67.0276,100,15.6676,4132.23,20.0828,13.9862
70.7109,66.2664,100,14.7907,4149.38,22.168,13.2562
68.6094,68.1436,100,14.2565,4081.63,23.7912,12.7321
75.141,65.2177,100,8.26049,4132.23,25.4987,12.4476
73.2328,63.2018,100,2.24042,4149.38,27.6483,12.0323
78.3787,53.0821,100,0,4149.38,30.5659,11.9038
76.4671,47.5765,100,0,4166.67,34.1464,10.5951
82.7404,40.3867,100,0,4149.38,37.8804,9.50556
86.8092,31.6134,100,0,4132.23,42.0644,7.76589
84.0419,36.1436,100,0,4081.63,46.1655,7.00101
74.9174,46.3737,100,13.258,4065.04,48.2083,5.67337
73.6443,58.689,100,7.89281,4149.38,48.9272,5.02936
66.4935,71.8551,98.4763,18.9746,4115.23,48.4824,5.14238
55.0901,90.4994,79.5916,30.8424,4132.23,46.1044,5.73882
45.5169,100,65.2505,41.6455,4132.23,41.5199,6.66775
38.1981,100,65.6613,51.2036,4166.67,36.4287,7.30586
32.4769,100,25.5049,47.2502,4065.04,29.5967,9.42166
3.0327,100,53.8626,78.6599,4098.36,21.0869,10.525
17.2823,100,53.4449,60.8021,4149.38,15.0781,9.60989
16.5257,100,33.6329,47.8745,4149.38,8.80473,11.4448
51.1331,81.4843,85.771,37.3638,4149.38,6.69813,12.5547
55.2524,94.2699,79.1013,27.3217,4149.38,5.95672,12.8527
52.6138,87.3698,82.3998,33.6638,4132.23,6.03735,12.2246
44.6645,88.1482,87.1893,35.9721,4149.38,6.03364,11.8696
47.1931,90.3791,85.6586,32.7598,4149.38,6.0445,11.9663
49.4563,91.6871,84.0486,30.8626,4149.38,6.03961,11.9746
26.5866,100,100,21.2135,4115.23,5.93683,11.4213
42.0691,86.582,89.6535,37.6921,4098.36,5.90988,11.596
56.4405,87.0031,76.3026,36.3093,4065.04,5.83776,11.3863
69.2719,81.3168,65.889,39.5874,4115.23,5.91165,11.8296
59.665,82.5874,74.447,39.3673,4081.63,6.02335,12.0438
47.8031,100,60.17,38.31,4098.36,5.27792,12.443
21.4945,100,31.4834,45.6148,4149.38,1.57022,14.2513
0,100,24.3112,68.4986,4098.36,-5.14832,16.1115
0.033638,100,20.085,79.7728,4115.23,-12.58,16.5436
25.4351,100,39.1693,56.7738,4115.23,-17.4483,17.377
23.0199,100,36.3365,56.6781,4149.38,-20.5686,18.1391
26.2618,100,55.3559,59.2776,4132.23,-22.978,18.2604
41.0352,85.6581,85.8527,43.1169,4149.38,-22.9992,16.9417
59.9934,88.1396,95.7649,11.9623,4149.38,-19.3295,15.9234
47.5973,73.382,100,26.719,4098.36,-15.8944,15.1299
84.4574,69.6158,100,0,4065.04,-10.7033,14.2406
67.1317,46.9778,100,25.3627,4065.04,-5.10007,13.6512
84.7115,78.7404,100,0,4098.36,-0.393591,12.583
72.8711,88.6197,80.475,13.8379,4065.04,2.75044,14.0572
97.1312,100,62.9148,0,4048.58,4.98266,15.9903
100,100,55.5365,0,4149.38,7.13534,19.8368
83.9902,100,34.167,11.5424,4132.23,8.29873,22.8499
100,100,28.4254,0,4115.23,6.60696,30.458
91.9965,100,25.6159,0,4149.38,8.21752,34.4948
100,100,6.35706,0,4132.23,5.56892,46.3135
98.6902,87.5854,79.5427,0,4098.36,11.1453,48.1935
100,100,10.4126,0,4098.36,9.94598,55.5616
97.4823,95.3136,68.3914,0,4081.63,11.0415,56.7673
73.4155,100,69.5102,0,4132.23,12.2656,57.4054
46.2492,100,69.2679,31.1473,4115.23,11.2481,54.9574
41.5294,77.6477,82.3876,54.4017,4115.23,9.47214,50.9991
27.5543,43.5311,100,71.8589,4098.36,8.98559,44.1914
7.34705,40.7637,100,79.2513,4149.38,8.79201,34.5465
0,38.433,100,82.4151,4115.23,9.81671,24.1274
0,0,100,100,4115.23,10.1484,13.9162
0,52.4065,100,74.9869,4081.63,10.0753,3.74464
0,65.5758,100,71.609,4132.23,8.63809,-2.17279
0,87.9774,100,70.7685,4115.23,6.15721,-6.91842
32.48,100,95.4467,27.2561,4149.38,5.01189,-7.83138
61.9278,91.8806,82.2064,19.7001,4149.38,4.51925,-5.50212
73.7736,98.0363,56.6059,27.5615,4081.63,5.82015,-2.91988
74.5465,97.4079,70.6858,13.4122,4132.23,6.17878,0.747716
84.9512,100,42.6094,8.58854,4115.23,6.49261,4.69419
88.5623,71.7473,95.4381,0.265009,4115.23,8.97326,8.52003
68.685,96.3768,68.3311,22.3367,4132.23,10.5348,10.7198
42.5255,67.8134,100,40.0865,4081.63,10.6475,10.6571
42.7689,97.4828,84.1581,31.4978,4081.63,10.5875,11.3603
51.5719,98.8952,76.8719,28.5814,4149.38,10.2247,11.0823
50.5326,90.5531,87.2128,27.7447,4132.23,9.86918,11.2096
49.4821,88.0891,88.2412,30.2507,4065.04,9.83328,10.9494
53.2685,91.7905,84.8239,25.9522,4132.23,9.84028,11.0042
70.3098,100,74.1469,7.22876,4149.38,9.95606,11.5733
43.4135,83.5819,92.3282,36.7185,4081.63,9.96254,11.7264
47.6811,85.2883,90.7117,32.0332,4115.23,9.98754,12.0091
50.884,88.6841,87.0285,29.0668,4098.36,9.9978,11.9913
51.4027,90.2229,86.7513,27.6245,4132.23,9.99907,11.9776
51.5562,90.2625,86.5875,27.6502,4149.38,9.99724,11.982
51.8057,90.1895,86.7334,27.3366,4065.04,10.0055,11.9941
51.7839,89.5314,87.4249,27.1078,4065.04,10.01,11.9985
51.644,90.3707,86.4151,27.6017,4098.36,10.0228,12.0083
50.9429,89.8391,86.8532,28.2182,4065.04,10.0225,12.0149
51.6304,90.5275,86.2581,27.4133,4115.23,10.0271,12.0256
52.1842,90.4602,86.211,26.9739,4149.38,10.0203,12.0327
52.0882,90.179,86.1965,27.3716,4132.23,10.027,12.0407
51.0787,89.9133,86.7883,28.0617,4032.26,10.0154,12.0475
51.8173,91.2057,85.8414,27.1661,4115.23,10.0286,12.0534
51.8263,90.7285,86.0733,27.4329,4048.58,10.022,12.0622
52.248,90.6572,85.8749,27.1193,4132.23,10.016,12.0719
52.4409,89.724,86.838,27.0369,4098.36,10.0183,12.0825
51.2933,90.3083,86.5866,27.8743,4115.23,10.0157,12.0928
51.908,90.6329,86.2495,26.9609,4149.38,10.0155,12.1128
51.6289,91.2163,85.8504,27.2886,4166.67,10.0104,12.1228
51.9628,91.0635,85.9455,26.9065,4115.23,10.0079,12.128
51.4293,91.0098,85.9901,27.5805,4132.23,10.015,12.1369
51.0925,90.2775,86.9422,27.5606,4081.63,10.0126,12.1433
51.8214,90.5395,86.2154,27.1086,4132.23,10.0164,12.1522
51.828,90.6704,86.4955,26.7923,4132.23,10.0205,12.1633
51.7371,90.5207,86.4251,27.1138,4166.67,10.0249,12.1712
51.0025,90.6013,86.8221,27.458,4065.04,10.0258,12.1887
51.6979,90.6618,86.2479,27.2103,4115.23,10.0284,12.2006
51.4181,91.1145,86.0716,27.412,4149.38,10.037,12.2091
51.3959,90.9941,85.835,27.6045,4115.23,10.0248,12.2188
52.0428,90.5314,86.5817,26.522,4115.23,10.0228,12.2276
52.3433,90.7616,85.9835,26.6726,4149.38,10.0263,12.2407
51.5205,90.9006,86.4038,27.1904,4098.36,10.0216,12.2458
51.3855,90.8851,86.8253,26.7136,4166.67,10.0258,12.2481
52.0406,91.086,86.3571,26.5331,4149.38,10.0207,12.2654
51.1735,91.1166,86.5397,26.895,4132.23,10.0163,12.2738
51.4058,91.2439,86.4016,26.9602,4132.23,10.0095,12.2844
51.5523,91.3305,86.2247,26.9505,4166.67,10.0144,12.2983
51.3876,90.8885,86.5539,27.0133,4115.23,10.0062,12.3007
51.141,90.2914,87.0659,27.2596,4065.04,10.021,12.302
51.5671,91.2712,86.4744,26.4228,4149.38,10.0339,12.3184
52.0609,90.5109,86.9288,26.5126,4132.23,10.0448,12.3298
51.3244,91.8477,86.0485,26.8377,4098.36,10.0404,12.343
51.3873,91.8811,85.8908,26.8037,4115.23,10.0509,12.3574
51.2378,90.6133,87.3874,26.7554,4048.58,10.0524,12.3665
51.0179,91.5164,86.4126,26.9841,4149.38,10.0578,12.369
51.5299,90.9595,87.0249,26.3129,4115.23,10.0634,12.3703
52.1081,90.9455,86.6241,26.2062,4098.36,10.0695,12.3759
51.3007,90.9517,86.6212,26.8131,4081.63,10.0735,12.3825
51.5161,91.2829,86.5317,26.4841,4132.23,10.0657,12.3867
51.4825,92.4449,85.3513,26.5822,4081.63,10.0668,12.3953
51.5774,90.6939,87.5321,26.1996,4149.38,10.0664,12.4052
51.6823,91.5607,86.7944,26.0192,4132.23,10.0609,12.4238
51.8627,91.6511,86.3428,26.0724,4149.38,10.0679,12.4279
51.7252,91.2622,86.5268,26.5303,4098.36,10.0717,12.4377
51.7778,91.008,86.965,26.3126,4081.63,10.0722,12.4362
51.0117,91.6587,86.4625,26.7241,4115.23,10.0835,12.4447
51.1106,91.8731,86.7287,26.307,4132.23,10.101,12.4571
51.3729,91.3468,86.6246,26.5958,4132.23,10.0981,12.4629
51.1431,91.763,86.5823,26.3344,4149.38,10.1053,12.4746
51.028,91.9175,86.9249,26.1491,4149.38,10.112,12.4809
51.0943,91.1808,87.7156,26.0686,4065.04,10.1212,12.4905
50.9743,91.4202,86.8804,26.5505,4032.26,10.1188,12.5117
51.1061,91.7746,86.814,25.9824,4149.38,10.109,12.5218
50.8501,91.8274,86.9914,26.3265,4149.38,10.1131,12.527
50.8734,91.4079,87.3446,26.0994,4065.04,10.1277,12.5361
51.787,91.6775,87.0094,25.2739,4149.38,10.1292,12.5438
51.224,91.3629,87.1155,26.0061,4149.38,10.1349,12.5484
51.5963,91.4694,87.3501,25.5417,4166.67,10.1345,12.5591
51.8265,92.3035,86.1171,25.7258,4098.36,10.1413,12.5607
50.9644,92.1323,86.88,25.7951,4115.23,10.1327,12.5633
50.5105,91.9669,87.0342,26.2433,4132.23,10.1342,12.5878
51.2029,91.7515,87.08,25.9818,4132.23,10.1273,12.5586
50.3867,91.046,87.7718,26.7517,4098.36,10.1423,12.5502
51.7508,91.5806,86.3359,26.3268,4098.36,10.1508,12.6095
51.268,91.6873,86.9359,25.9886,4115.23,10.1453,12.6218
51.422,91.352,87.2921,25.7976,4081.63,10.1403,12.6288
50.6208,92.3062,86.8879,25.914,4149.38,10.1399,12.6428
50.8375,91.6165,86.7409,26.7751,4098.36,10.1395,12.6475
51.1419,92.568,86.8501,25.4913,4098.36,10.1472,12.6644
49.906,91.2351,87.7037,27.0595,4065.04,10.1579,12.6876
51.3195,92.2585,86.9725,25.1395,4149.38,10.1613,12.6626
51.2515,91.98,87.7197,24.8793,4149.38,10.17,12.7097
49.3108,93.7834,88.1691,24.5852,4149.38,10.1947,12.8813
50.3576,91.3869,87.5872,26.487,4132.23,10.1824,12.8498
52.4137,92.7647,85.7513,24.9404,4132.23,10.1843,12.8421
49.6459,93.9655,88.6276,23.796,4081.63,10.1889,12.8796
48.9316,97.5253,89.3782,20.2266,4065.04,10.1929,13.1081
51.3861,87.8495,93.8282,23.0024,4115.23,10.5219,12.926
56.0638,85.8216,94.3368,19.8445,4115.23,11.0142,12.8818
52.6369,91.3612,87.5517,24.7469,4115.23,11.5558,12.681
52.8508,89.5511,90.1928,23.3992,4115.23,11.6413,12.6839
51.8696,91.0351,88.3307,24.8196,4149.38,11.8284,12.6253
51.0577,92.9974,88.0054,24.2502,4115.23,11.6896,12.6448
48.138,96.8214,84.8344,25.9621,4132.23,11.4371,12.6529
49.8232,96.8527,83.9955,25.3369,4098.36,10.9253,12.8481
51.0845,92.9392,88.2803,23.4029,4132.23,10.8142,12.9064
54.7603,88.0634,91.3997,21.6951,4132.23,11.1124,12.9015
53.9275,88.3778,91.7126,21.9888,4098.36,11.6353,12.7887
50.8248,93.6826,86.6442,24.6061,4115.23,11.7137,12.81
47.9085,96.2338,84.8168,26.8457,4149.38,11.4618,12.871
46.5141,100,81.6156,26.9761,4065.04,10.7239,13.09
45.5202,86.1918,93.0682,31.2461,4032.26,10.1607,12.979
53.1603,94.7767,85.5216,22.6019,4132.23,10.1402,12.833
51.385,92.9787,87.2824,24.1305,4065.04,10.1473,12.8487
51.0837,92.7257,87.5848,24.5682,4115.23,10.1452,12.8496
51.0127,92.635,87.3624,24.9279,4098.36,10.1493,12.8584
50.342,92.9181,87.1742,25.5604,4098.36,10.1481,12.9203
50.2565,92.0106,87.963,25.8252,4098.36,10.1423,12.8918
48.9441,90.479,89.5995,26.7362,4081.63,10.1334,12.6891
50.5138,92.6281,87.2593,25.428,4065.04,10.143,12.6951
51.3269,93.6979,86.8421,23.9657,4081.63,10.1512,12.7705
51.0782,92.8071,86.9373,25.0437,4065.04,10.1524,12.7607
50.6501,92.765,87.3688,25.0752,4149.38,10.1505,12.7871
50.6366,93.1151,86.7885,25.1692,4149.38,10.1549,12.79
50.3331,92.0232,87.5526,25.7495,4115.23,10.1576,12.8065
51.2523,92.8812,87.6508,24.1943,4115.23,10.1632,12.8302
50.5723,96.9841,87.6517,20.8446,4166.67,10.1773,13.0362
55.2848,83.4287,99.6222,17.729,4098.36,10.6351,13.2415
48.1883,95.1527,87.563,25.0393,4166.67,11.4112,12.9357
45.6094,100,77.4803,30.637,4115.23,10.316,13.1513
49.4392,90.2093,90.1929,26.2223,4081.63,10.1662,12.9585
49.9833,92.9152,87.6383,25.1885,4149.38,10.144,12.896
50.0721,93.2432,87.3453,25.0004,4149.38,10.134,12.9106
50.8677,93.5749,86.8286,24.6198,4098.36,10.1196,12.9333
51.093,93.518,86.7537,24.5702,4149.38,10.1257,12.9535
50.4816,92.7768,87.9106,24.8765,4065.04,10.128,12.9573
49.6957,92.875,88.13,25.107,4065.04,10.1218,12.9404
50.3226,93.0621,87.4735,25.046,4098.36,10.119,12.9231
57.4367,91.671,92.6414,14.2077,4115.23,10.3236,13.4361
55.1239,91.1502,95.7161,14.0588,4115.23,11.9507,12.8713
41.0439,100,76.4324,31.6506,4115.23,11.2904,13.0409
49.4862,92.3614,87.6851,26.4992,4149.38,10.197,13.3339
51.3801,91.7437,91.0773,21.8601,4132.23,10.3368,13.2536
49.9876,93.9267,87.6692,24.2907,4132.23,10.4172,13.2265
50.5483,93.0574,88.4628,23.9673,4132.23,10.3772,13.2263
50.377,94.035,87.1867,24.2795,4098.36,10.3967,13.229
52.2833,91.7477,87.8753,23.9518,4149.38,10.3582,13.2985
60.4708,78.1765,100,11.4147,4149.38,11.3845,13.1931
68.0314,80.8778,100,0.832653,4149.38,13.835,13.1974
47.551,96.6694,80.98,30.7271,4149.38,14.8867,13.3889
37.501,100,70.1667,39.3731,4132.23,12.4734,13.2313
50.0704,89.5656,91.3814,24.8147,4115.23,11.5757,13.2168
51.2529,90.8354,92.4517,21.174,4149.38,11.6981,13.175
50.0651,92.6664,89.4143,23.8313,4098.36,11.8251,13.0958
51.2436,91.8582,89.2484,23.3802,4149.38,11.7791,13.1176
51.1101,93.1657,88.2166,23.3094,4115.23,11.8173,13.1175
57.0233,86.9465,94.7049,17.3262,4098.36,11.9528,13.2431
70.2109,75.3417,100,3.62747,4149.38,13.9694,13.3326
66.1205,86.6469,93.9082,9.18246,4132.23,15.8093,13.8805
55.4265,89.1162,89.1553,22.198,4115.23,16.4221,14.0866
51.5142,91.3633,86.6857,26.3556,4115.23,15.9056,13.9459
51.882,91.1236,87.1965,25.7248,4081.63,15.5217,13.8778
49.0818,94.0826,88.0544,24.7121,4098.36,15.0611,13.7832
46.8269,96.4241,87.2591,25.1899,4098.36,14.4536,13.7349
41.9244,100,81.5634,29.6206,4149.38,13.4339,13.7219
39.7878,100,69.161,30.4094,4149.38,11.3564,13.9197
44.6444,85.1933,94.7945,31.3284,4065.04,10.1994,14.4246
51.0266,88.8778,87.3433,28.5611,4132.23,10.2249,13.9325
50.5193,95.0609,87.5004,22.9445,4098.36,10.2263,13.3298
49.9712,93.3614,89.1057,23.6219,4098.36,10.2364,13.3541
50.6988,93.9315,87.5822,23.6369,4081.63,10.2313,13.3674
49.8166,93.0599,89.2043,23.7374,4098.36,10.2392,13.399
50.2076,100,88.8482,16.9425,4115.23,10.2483,13.5705
49.0231,93.3357,90.0506,23.6511,4149.38,10.2336,13.8544
44.9305,89.694,92.4936,28.9478,4065.04,10.1989,13.3283
47.1647,92.0669,90.1522,26.6829,4166.67,10.1232,12.8407
47.7858,92.5855,89.4432,26.2522,4115.23,10.0584,12.4675
49.9728,91.0526,88.5665,26.295,4132.23,10.0463,12.5182
48.6872,93.4295,88.9962,24.9249,4149.38,10.0213,12.3041
49.4197,96.0144,76.379,34.1135,4081.63,9.81914,12.5964
38.5107,100,62.0454,40.0529,4149.38,7.6103,13.0179
35.4738,100,47.5907,36.8601,4098.36,4.88818,14.243
22.0912,100,75.5802,44.5427,4098.36,0.637928,15.098
66.5049,62.0097,100,13.7752,4115.23,2.59851,13.7526
56.4972,83.9972,90.0776,25.1034,4115.23,5.57231,12.9639
46.0618,95.8543,86.6577,27.402,4081.63,5.62651,12.939
55.4042,83.7923,96.1764,20.4875,4149.38,6.47273,12.665
44.2891,99.6765,82.9575,28.9561,4132.23,6.88237,12.5247
41.3112,100,78.3482,30.4896,4166.67,6.10021,12.7348
37.3337,100,61.226,37.7348,4065.04,4.29306,13.6438
43.6289,95.1622,88.7957,28.4793,4065.04,2.66497,14.0277
62.8702,70.5205,100,17.8614,4115.23,4.63933,13.2038
59.3249,81.3645,92.7324,22.5806,4149.38,6.64384,12.8446
62.8845,72.5142,100,15.2305,4115.23,8.41069,12.4539
48.1364,97.0864,90.959,19.8835,4149.38,9.93382,12.2601
51.0815,97.1031,88.8421,19.0399,4098.36,10.156,12.7481
54.0387,100,85.5102,16.3998,4115.23,10.2752,13.5394
66.4349,100,75.4522,2.21043,4081.63,10.3485,15.1509
70.7928,100,74.3242,6.00647,4149.38,10.7985,17.3781
74.9824,100,53.6575,0.593052,4132.23,10.9035,20.214
75.7434,93.2093,75.7758,11.2929,4149.38,10.7671,22.4768
84.1502,100,57.2364,0.669966,4166.67,10.9625,24.7268
95.4763,100,48.4995,0,4081.63,11.2906,28.3207
74.093,100,65.0084,0,4115.23,11.4355,31.9756
57.6425,100,81.7672,15.056,4098.36,11.3433,32.6857
46.5142,86.8445,92.5661,30.0493,4098.36,11.4105,31.1501
35.4955,75.4138,100,39.9872,4132.23,11.4451,27.9225
30.8841,72.5989,100,44.8657,4149.38,11.4567,23.8986
19.3129,54.5949,100,62.1929,4081.63,10.9914,19.273
31.0818,68.8156,100,44.854,4132.23,11.0932,14.5978
47.957,90.3574,91.2487,26.3139,4048.58,10.9857,12.9787
54.6309,96.0289,85.5258,19.6828,4098.36,11.0175,13.1428
48.4919,92.0513,89.9867,25.5049,4081.63,11.1057,13.6735
51.5393,94.7451,87.623,21.9964,4132.23,11.0967,13.5652
43.9836,89.503,92.9567,29.2823,4115.23,11.0717,13.4366
52.6166,95.6367,86.6054,20.9515,4149.38,10.9852,12.7113
42.857,92.7688,97.2381,23.1308,4132.23,10.9894,12.3653
48.5827,93.2919,90.5571,23.4435,4149.38,10.9986,12.4996
36.1859,65.5,100,48.5232,4115.23,11.0466,10.4794
12.5,24.5952,100,71.4566,4149.38,11.9013,6.31123
28.1087,74.1157,100,44.6336,4166.67,12.4172,0.431855
0,60.5816,100,65.0223,4149.38,12.1421,-2.82892
25.581,70.9814,100,47.5613,4149.38,11.6028,-6.88534
58.4536,95.2539,87.8315,14.4475,4132.23,11.7781,-6.20458
57.2778,95.4956,86.1381,17.3558,4081.63,12.1808,-3.62247
64.6778,100,81.2954,7.66075,4098.36,12.4009,-1.13111
60.7787,100,81.0078,7.87517,4098.36,12.6984,2.41047
57.5033,100,68.7712,11.2547,4132.23,11.8106,4.96691
45.7871,89.649,93.1738,27.4315,4081.63,11.3332,6.87315
52.1264,99.5052,85.7408,18.5847,4065.04,11.313,7.84783
80.0536,100,57.4404,0,4098.36,11.3092,9.96507
84.8518,100,56.7618,0,4098.36,11.3181,17.6903
33.6137,76.2739,100,40.189,4149.38,11.2633,18.3367
13.6233,64.9203,100,58.4413,4048.58,11.2172,12.519
87.4636,100,60.7906,0,4098.36,11.3968,14.0118
41.1506,83.1179,99.6515,31.9224,4115.23,11.2942,15.807
49.5221,99.0363,87.9589,19.2361,4132.23,11.2505,12.7426
49.2132,94.1886,89.7505,22.7945,4132.23,11.3155,14.9099
53.5082,97.4058,86.7068,18.337,4065.04,11.2696,13.312
39.8427,82.7158,100,32.5649,4149.38,11.3666,14.1314
48.3122,93.0884,90.649,23.893,4081.63,11.3656,14.1103
50.5966,94.567,89.2272,21.6047,4132.23,11.3662,14.0126
50.2205,93.9905,89.4179,22.1248,4065.04,11.362,13.9887
41.9936,100,96.9089,15.2983,4098.36,11.3513,13.9521
29.4399,100,100,3.40872,4032.26,11.2587,13.9101
30.4014,100,100,3.39063,4149.38,11.1736,13.9398
20.9415,100,100,0,4098.36,11.0431,13.9089
9.32996,100,100,0,4132.23,10.8589,13.8459
0,100,100,0,4098.36,10.5889,13.6188
4.33556,100,100,0,4132.23,10.3253,13.2981
23.2724,100,100,0,4115.23,10.1205,12.622
32.2382,100,100,5.26524,4149.38,10.0825,12.8341
52.5816,100,88.7093,11.7052,4149.38,10.1293,13.1615
47.5066,98.4981,91.4202,18.181,4149.38,10.1479,13.2441
100,24.8318,26.1527,89.9598,4132.23,10.179,12.9926
100,0.296816,5.49541,100,4081.63,10.7465,13.6955
100,42.4072,38.4286,69.2089,4149.38,11.1593,13.8569
59.9869,84.8071,81.3648,29.7421,4132.23,11.3511,14.0355
50.5107,94.8482,89.2523,20.8542,4149.38,11.3686,14.0616
50.399,91.0384,89.4488,25.0733,4149.38,11.3592,13.9986
63.4857,83.4561,76.8399,32.2678,4065.04,11.4001,13.9328
57.2651,85.745,82.3677,30.5827,4149.38,11.4539,13.9398
67.8938,76.9023,72,39.0029,4149.38,11.4991,13.765
75.5075,72.1939,66.4114,41.9107,4132.23,11.6092,13.8953
79.5146,67.028,62.6306,46.6546,4115.23,11.7035,13.8286
66.4426,67.7513,72.4134,49.1556,4115.23,11.8317,13.9078
65.1496,91.2921,76.5209,22.9231,4016.06,11.8353,13.6634
57.0005,100,83.2861,9.51718,4149.38,11.9442,14.3449
33.4041,100,100,0.048771,4115.23,11.8794,14.4294
28.7456,100,100,0.898143,4149.38,11.7607,14.4132
10.3182,100,100,0,4048.58,11.5835,14.5595
1.55582,100,100,0,4132.23,11.2902,14.2449
7.53334,100,100,0,4115.23,11.0184,14.061
51.1134,97.2263,88.4705,19.104,4149.38,10.9064,14.0372
74.1421,70.9952,66.4193,44.2621,4149.38,10.9859,14.1765
79.6729,64.2287,62.7057,49.4195,4115.23,11.1517,14.1787
79.4863,64.5406,62.399,49.4718,4081.63,11.3256,14.1886
79.6029,65.082,62.3941,48.9605,4149.38,11.4882,14.276
77.4837,65.5492,64.7064,48.1631,4098.36,11.6343,14.1928
68.1956,78.062,72.6892,36.743,4081.63,11.7626,14.2946
59.5567,85.8985,81.5989,28.9221,4115.23,11.8183,14.3231
50.1041,98.098,89.7636,17.9475,4115.23,11.8476,14.3331
33.9254,100,100,6.39164,4115.23,11.7913,14.3665
32.8859,100,100,6.45741,4149.38,11.691,14.2685
33.0403,100,100,1.2412,4098.36,11.608,14.4037
38.1142,100,100,13.1103,4081.63,11.5281,14.4668
50.4225,94.9779,88.719,21.8043,4065.04,11.4934,14.3058
62.8443,82.6981,77.6328,32.6471,4098.36,11.5239,14.3249
66.0807,78.8877,74.9571,35.8637,4098.36,11.6018,14.3342
63.7032,81.0332,77.6302,33.6489,4132.23,11.6886,14.3864
55.756,90.9646,84.6122,24.7258,4098.36,11.733,14.4591
50.4323,96.5252,89.8554,19.1481,4149.38,11.739,14.4897
40.7984,100,98.3282,11.3229,4098.36,11.694,14.4626
40.3323,100,99.2247,11.3483,4081.63,11.6297,14.479
48.1885,97.2725,91.1938,19.382,4149.38,11.5895,14.5064
56.689,87.0568,83.3329,28.8665,4149.38,11.5807,14.3971
60.2182,85.081,80.4611,30.1655,4166.67,11.63,14.397
55.166,89.9235,85.0531,25.5508,4081.63,11.6838,14.498
48.073,100,91.7621,15.7662,4081.63,11.7035,14.6574
38.8889,100,100,9.34475,4115.23,11.6426,14.5976
44.2311,100,95.4694,15.3189,4016.06,11.5824,14.535
51.185,89.3887,88.1773,27.0054,4081.63,11.5711,14.502
58.7122,86.717,81.5582,29.0292,4098.36,11.6077,14.4486
54.55,90.7986,85.6789,25.0313,4149.38,11.6478,14.5571
51.2061,94.7241,89.1507,20.6819,4132.23,11.6508,14.5051
47.5422,98.4275,92.0601,17.8022,4149.38,11.6571,14.6034
50.4251,95.1896,89.0786,20.9851,4081.63,11.6541,14.6882
50.5039,94.1774,90.1105,21.0164,4166.67,11.6617,14.6958
50.4947,94.5233,89.3871,21.4651,4081.63,11.6644,14.7021
50.2115,95.2231,89.0951,21.5054,4149.38,11.6618,14.7059
51.0417,95.0008,89.1417,20.8775,4115.23,11.6643,14.723
73.5689,72.8455,67.9292,41.7224,4115.23,11.6962,14.5145
76.4577,72.9392,66.1677,40.1765,4149.38,11.8039,14.4739
55.3707,92.9728,85.7363,21.7196,4132.23,11.887,14.6912
45.0555,98.2791,94.1281,18.3434,4149.38,11.868,14.6798
52.4437,94.5604,88.0434,20.9577,4098.36,11.8466,14.6055
55.3772,97.9525,85.7325,16.9948,4184.1,11.8577,14.7595
52.2018,95.0956,87.9681,20.7998,4115.23,11.8724,14.8791
50.9618,93.6277,89.5911,21.5497,4098.36,11.8735,14.9084
51.1445,94.9904,88.4329,21.2133,4149.38,11.8709,14.9286
50.9669,93.8309,89.5682,21.304,4065.04,11.8761,14.9403
51.6676,94.5509,88.84,20.8246,4132.23,11.8828,14.9503
50.8793,94.5169,89.1031,21.1923,4132.23,11.8855,14.9616
50.88,94.2971,89.0973,21.486,4115.23,11.8869,14.967
6.61733,100,100,0,4115.23,11.7895,15.0283
14.95,100,100,0,4149.38,11.5128,14.7841
50.0842,96.5774,89.3675,19.7508,4115.23,11.457,14.7057
49.7621,96.0449,89.8599,20.1151,4166.67,11.4621,14.7525
50.0265,95.6318,90.0148,20.1139,4132.23,11.4693,14.762
49.0273,96.0057,89.75,21.0133,4098.36,11.4732,14.7787
49.5179,95.0896,90.4837,20.7155,4098.36,11.4806,14.7745
50.7582,95.9785,89.9214,19.2973,4149.38,11.4992,14.7817
49.5125,95.8917,89.9503,20.4199,4065.04,11.4895,14.7935
50.0423,95.8554,89.7469,20.1739,4149.38,11.4973,14.8013
22.5014,100,100,0,4132.23,11.4543,14.7116
7.99626,100,100,0,4098.36,11.1972,14.6028
42.7867,100,96.0633,15.8714,4149.38,11.0791,14.5456
47.7457,97.0877,91.3538,19.69,4149.38,11.0725,14.5893
47.9716,96.5965,92.0655,19.1819,4115.23,11.0799,14.6009
49.3884,97.2512,91.8411,17.5454,4081.63,11.0851,14.6044
17.1354,100,100,4.56621,4065.04,11.003,14.072
32.9166,100,100,0,4098.36,10.9532,14.5232
49.0589,99.5106,90.0603,17.2301,4098.36,10.939,14.5019
47.6247,98.6395,91.1651,18.2536,4149.38,10.9405,14.4873
0,100,100,0,4115.23,10.7044,13.5859
33.7991,98.635,100,20.0038,4149.38,10.6722,14.1525
44.2205,96.6713,94.7656,19.9698,4115.23,10.6746,14.3613
9.56566,100,100,1.88457,4132.23,10.5459,13.6184
27.2037,100,100,0,4098.36,10.5048,14.1213
50.9015,96.5944,87.5882,20.436,4048.58,10.4856,14.1387
32.9718,100,100,15.9217,4115.23,10.4381,13.796
22.5924,100,100,3.31122,4098.36,10.3173,13.2818
21.5458,100,100,0,4115.23,10.2594,13.348
13.3972,100,100,0,4132.23,10.1658,13.1688
11.7104,100,100,0,4098.36,10.0682,12.9404
9.35877,100,100,0,4115.23,9.97328,12.9799
14.0966,100,100,0,4115.23,9.89727,12.9233
22.8148,100,100,1.97124,4166.67,9.8519,12.2405
16.0007,100,100,0,4098.36,9.86942,13.2789
8.70121,100,100,1.69616,4098.36,9.68584,12.3558
27.5146,100,100,0,4132.23,9.69259,12.2474
24.8096,100,100,8.70615,4149.38,9.6405,12.6827
25.4733,100,100,4.87359,4098.36,9.60543,12.2239
37.145,97.9331,100,19.9034,4115.23,9.58572,12.5237
49.4437,97.2187,88.8539,20.2067,4149.38,9.66657,12.8218
53.6519,97.0643,85.1531,19.8676,4115.23,9.74928,13.1345
55.9049,85.932,82.9117,31.1914,4149.38,9.86117,13.5264
100,44.0752,40.1943,71.3471,4098.36,10.0431,13.6172
98.3849,41.7835,42.6487,72.9666,4149.38,10.3457,13.6625
100,45.9679,41.7205,67.3769,4065.04,10.4841,13.3672
88.3456,62.4419,51.6923,53.5798,4115.23,10.6009,13.1881
89.5369,56.4758,51.0432,58.7155,4065.04,10.8009,13.7124
85.7283,60.7735,55.8174,53.5263,4149.38,10.9375,13.744
89.4153,62.905,52.1887,51.2985,4115.23,11.1351,14.1186
79.4968,71.5054,61.9821,43.0405,4149.38,11.3289,14.4327
82.34,58.5886,59.3235,55.5007,4098.36,11.5075,14.63
83.7198,54.0216,57.4515,60.6248,4115.23,11.6176,14.3355
92.1743,53.8199,50.0592,59.8131,4132.23,11.7619,14.3033
91.2552,51.7664,51.6797,61.1504,4149.38,11.8897,14.252
88.5333,60.2908,53.5078,53.5529,4098.36,12.0412,14.593
76.2581,68.0505,64.9767,46.4302,4098.36,12.1654,14.7328
73.7118,70.9668,67.672,43.6337,4098.36,12.2429,14.7462
71.9219,72.4789,69.146,42.1782,4115.23,12.3296,14.8066
72.5971,71.9043,68.9733,42.3847,4081.63,12.392,14.7782
71.5164,76.0103,69.9479,38.3536,4149.38,12.4434,14.8009
72.0732,76.7314,69.514,37.6945,4132.23,12.5118,14.8935
69.7871,74.1479,71.8763,40.1266,4115.23,12.5733,14.9553
63.866,83.9478,77.3149,30.9173,4149.38,12.6229,14.9665
54.7614,100,87.7681,12.7997,4149.38,12.6859,15.3105
25.675,100,100,0,4065.04,12.6795,15.762
11.0383,100,100,0,4048.58,12.5152,15.789
4.77643,100,100,0,4149.38,12.2901,15.4255
0,100,100,0,4065.04,12.083,14.9316
0,100,100,0,4098.36,12.0602,14.4096
0,100,100,0,4132.23,11.6273,14.4113
2.31847,100,100,0,4132.23,11.4797,14.0645
3.21015,100,100,0,4149.38,11.3543,14.1919
23.3601,100,100,0,4081.63,11.2948,13.4638
0,100,100,0,4098.36,11.1693,14.018
0,100,100,0,4115.23,11.029,14.2037
0,100,100,0,4098.36,10.8827,14.6978
1.66232,100,100,0,4098.36,10.6182,14.4899
0,100,100,0,4166.67,10.3778,14.1808
0,100,100,0,4115.23,10.0826,13.5321
28.8344,100,100,8.10194,4149.38,9.99947,12.7882
75.8257,73.2262,63.0723,43.835,4065.04,9.99966,12.6693
100,19.5482,5.19864,94.3598,4115.23,10.123,13.3867
100,12.8443,2.11574,97.1029,4098.36,10.6088,14.4692
100,15.9853,5.70455,93.1516,4115.23,11.1421,15.1379
100,28.7575,30.4858,80.0829,4115.23,11.6891,15.669
100,35.9794,40.0182,74.215,4132.23,12.1013,15.5224
83.6153,47.6986,57.6534,66.938,4132.23,12.2275,14.7097
86.5874,63.1219,56.2819,49.8842,4065.04,12.3397,14.7147
80.0931,63.8641,61.6609,50.0672,4115.23,12.4604,14.9249
81.8906,66.9267,59.4772,47.36,4048.58,12.5496,14.9959
72.5257,74.2875,68.4976,40.6645,4149.38,12.6124,15.0013
66.0571,76.3011,75.3601,38.1397,4115.23,12.6546,14.9604
58.8185,88.211,82.6248,26.2267,4115.23,12.6845,14.9572
53.6558,98.3727,89.1515,14.8568,4149.38,12.7056,15.2436
43.1482,100,98.7796,5.96186,4115.23,12.7543,15.5795
22.1576,100,100,0,4098.36,12.6932,16.0351
0,100,100,0,4098.36,12.4707,15.9659
3.29793,100,100,0,4132.23,12.168,15.7662
10.6228,100,100,0,4098.36,11.9015,15.6357
28.1265,100,100,0,4149.38,11.7078,15.5085
49.2409,99.2061,90.6014,16.9492,4132.23,11.6622,15.4926
49.116,97.735,91.6461,17.4578,4132.23,11.6666,15.5184
48.8222,98.5437,90.8155,17.5168,4115.23,11.674,15.5373
48.1841,97.7635,91.5429,18.1866,4149.38,11.6752,15.541
48.441,98.238,90.8812,18.4113,4098.36,11.6787,15.558
49.1016,98.0199,91.4977,17.3501,4048.58,11.6835,15.5709
47.7943,97.8469,92.0367,18.3732,4098.36,11.6902,15.5836
48.9013,98.4252,91.571,17.1668,4149.38,11.6907,15.5933
47.9548,97.6076,91.6467,18.7743,4098.36,11.6815,15.5926
48.8457,98.2146,91.0756,17.8549,4149.38,11.6933,15.606
48.7896,98.0843,91.8349,17.1597,4098.36,11.6796,15.6246
47.7584,98.348,91.9785,17.9498,4149.38,11.6775,15.631
48.5829,97.752,91.7373,17.6902,4149.38,11.6898,15.6394
48.6741,97.5377,92.3132,17.3149,4081.63,11.6908,15.6588
48.2844,98.2502,91.5576,17.8925,4098.36,11.7024,15.6672
48.0607,97.85,92.3091,17.6722,4149.38,11.7099,15.6744
48.4628,98.27,91.5441,17.4499,4115.23,11.711,15.6884
47.6035,97.3405,92.9949,18.0372,4032.26,11.7263,15.6946
48.1689,98.7492,91.4354,17.6987,4115.23,11.7362,15.7137
48.3209,98.2174,92.1536,17.3727,4132.23,11.7352,15.7134
48.64,98.0776,91.9572,17.3918,4166.67,11.7394,15.7277
48.5311,98.688,91.5978,17.2498,4132.23,11.7382,15.7509
48.274,97.4442,91.9927,18.3559,4149.38,11.7366,15.7533
49.0862,99.5526,90.8399,16.3831,4115.23,11.7404,15.7574
47.8096,97.9162,92.042,18.0407,4149.38,11.7329,15.7519
48.417,98.6915,91.1445,17.5444,4149.38,11.7322,15.7718
48.5355,98.3334,91.3226,17.4812,4115.23,11.7377,15.7659
48.3275,98.8228,91.3898,17.4534,4149.38,11.7463,15.7904
48.4744,98.4258,91.851,17.3039,4149.38,11.7564,15.7867
48.68,98.112,91.9101,17.3629,4098.36,11.7632,15.799
48.5361,98.4747,91.4759,17.2321,4115.23,11.7535,15.8168
48.2119,98.5651,91.5856,17.3981,4115.23,11.75,15.824
48.0348,98.5635,91.8886,17.522,4098.36,11.7611,15.8409
48.0125,98.3706,92.4488,17.1159,4081.63,11.7735,15.8454
48.1376,98.6304,91.2122,17.717,4149.38,11.7659,15.8685
49.3319,97.6232,92.0679,16.8988,4132.23,11.7719,15.8718
48.1977,98.5229,92.5046,16.8182,4115.23,11.7742,15.8698
48.0625,98.6943,91.899,17.1931,4149.38,11.7778,15.8801
47.4941,98.6716,92.0542,17.5346,4115.23,11.7699,15.8963
48.231,98.5512,91.9839,16.9793,4132.23,11.7707,15.9028
47.7729,98.3588,91.951,17.733,4098.36,11.7768,15.9048
48.5089,99.1647,91.3797,16.8735,4132.23,11.7917,15.9111
48.8066,98.8885,91.4248,16.8669,4166.67,11.791,15.9119
48.7716,99.0194,91.5025,16.7604,4166.67,11.7988,15.9591
48.417,97.976,93.6118,16.06,4115.23,11.8116,15.9467
49.0695,99.2365,91.2105,16.5499,4149.38,11.8146,15.9624
48.1983,98.9781,91.8692,17.0212,4132.23,11.8185,15.9533
48.6505,99.0637,91.3652,16.8242,4115.23,11.812,15.9681
47.7819,98.7668,91.9812,17.5106,4115.23,11.8272,15.9717
47.9305,98.9074,91.8081,17.4166,4098.36,11.8203,15.9785
47.95,98.6682,91.6304,17.6498,4098.36,11.8238,15.9814
49.0306,99.0114,90.9941,16.653,4149.38,11.8273,16.0017
48.1883,98.4056,92.4331,16.9529,4115.23,11.8257,16.0156
48.0145,99.2534,91.9508,16.697,4149.38,11.8264,16.02
48.0894,98.8635,91.7495,17.1437,4149.38,11.8341,16.0224
48.096,99.0962,91.7083,16.983,4149.38,11.8317,16.0269
47.7663,98.5155,92.2494,17.506,4098.36,11.8351,16.0465
47.832,99.4225,91.8658,16.7284,4149.38,11.8338,16.0506
47.6858,98.2446,93.4543,16.6342,4048.58,11.8473,16.0517
48.8874,98.8928,91.7887,16.261,4098.36,11.8561,16.0605
48.1488,99.1647,92.1549,16.5537,4132.23,11.8644,16.0608
47.8159,99.4277,91.751,16.8247,4098.36,11.8633,16.0585
47.7323,99.2512,92.1812,16.5116,4132.23,11.8588,16.0644
48.2218,99.0321,92.0313,16.4676,4115.23,11.8581,16.0729
47.9086,99.5255,92.5824,15.9995,4166.67,11.8532,16.0731
48.5075,98.5091,93.2868,15.7553,4132.23,11.859,16.0737
48.4507,98.45,92.5006,16.6643,4098.36,11.8642,16.0793
47.7933,98.332,93.8221,16.1193,4098.36,11.8598,16.0922
47.4997,99.167,92.0791,17.0498,4098.36,11.8602,16.0932
47.8608,99.3507,92.7062,15.9682,4132.23,11.8564,16.1051
47.7671,99.1214,92.3149,16.5529,4166.67,11.8646,16.1145
47.6264,99.0001,92.5315,16.5773,4115.23,11.8799,16.1146
47.5535,99.2338,92.41,16.5516,4149.38,11.8878,16.1287
47.6861,98.8944,92.1118,17.0351,4065.04,11.8924,16.1333
48.0609,99.131,92.2384,16.2311,4149.38,11.8972,16.1402
47.7345,99.4467,92.188,16.4688,4149.38,11.9084,16.1493
47.519,99.2624,92.3835,16.6294,4149.38,11.91,16.1549
48.3305,99.016,92.7151,15.84,4132.23,11.9158,16.1616
47.6535,99.2174,92.9554,16.165,4149.38,11.9228,16.1705
47.1449,98.7878,92.9297,16.8871,4098.36,11.9255,16.1766
47.6196,99.2412,92.7666,16.346,4016.06,11.9279,16.1804
47.6541,99.2995,92.5614,16.5368,4098.36,11.9478,16.1822
47.9284,98.5663,93.2565,16.1641,4048.58,11.9563,16.1904
47.769,99.7361,92.5522,15.8442,4166.67,11.9634,16.1859
47.5899,99.5584,92.319,16.5729,4132.23,11.9664,16.1918
47.5477,99.4528,92.6105,16.4516,4149.38,11.9704,16.2074
47.2812,99.0122,93.3747,16.3981,4065.04,11.9639,16.225
48.3887,99.6714,92.289,15.3831,4132.23,11.9629,16.2267
47.9705,99.6132,92.3779,15.9201,4132.23,11.9521,16.2329
46.9327,98.9761,93.1748,16.613,4048.58,11.9641,16.2337
47.6795,99.5905,92.9655,15.7643,4132.23,11.9828,16.2366
48.244,98.9645,93.2849,15.5626,4115.23,11.9904,16.2436
47.8965,99.6985,92.4388,16.0314,4016.06,11.9874,16.2593
47.9294,99.7385,92.6498,15.7447,4081.63,11.982,16.277
47.5567,99.6125,93.0016,15.5449,4115.23,11.987,16.2813
47.7396,99.9593,92.2596,15.9285,4032.26,11.9798,16.2959
47.7675,99.5972,92.6492,15.7208,4132.23,11.9792,16.3085
48.5321,99.8761,92.3939,15.211,4132.23,11.9844,16.3192
48.3461,99.684,92.2367,15.7152,4098.36,11.9899,16.3412
47.641,99.9297,92.6544,15.5605,4149.38,11.9926,16.3436
47.7502,99.4711,93.0896,15.5154,4115.23,12.0002,16.3475
47.5352,99.7756,92.9402,15.6775,4132.23,12.007,16.3566
47.3216,99.7194,92.7627,15.8902,4081.63,12.0213,16.3709
47.8273,100,92.3313,15.5723,4098.36,12.0129,16.3828
47.7222,99.6239,92.9162,15.7181,4065.04,11.9971,16.3917
47.5997,100,92.3807,15.6158,4149.38,12.01,16.3964
47.7491,99.2807,93.1992,15.4993,4115.23,12.0213,16.4012
47.8542,99.8183,92.301,15.9998,4115.23,12.0153,16.4075
47.4501,99.6112,92.7914,16.0468,4149.38,12.013,16.4328
46.9898,99.2939,93.6357,15.8024,4081.63,12.0084,16.4303
47.643,100,92.9978,15.1579,4149.38,12.0121,16.4348
48.0169,100,92.6861,15.2874,4081.63,12.015,16.4452
47.4596,100,92.6215,15.624,4132.23,12.0029,16.4508
47.4511,100,92.6774,15.5127,4149.38,12.008,16.4579
47.9153,99.6938,93.0926,15.293,4132.23,12.0112,16.468
47.0788,100,92.7934,15.9825,4098.36,11.9968,16.478
47.5418,100,92.6898,15.3819,4149.38,11.9957,16.493
47.6003,99.8031,92.9212,15.3563,4132.23,11.9958,16.4993
47.2888,100,92.685,15.5012,4098.36,11.9973,16.5122
47.3168,100,92.6712,15.5439,4081.63,11.9931,16.5162
46.6321,99.8862,93.4629,15.7362,4032.26,11.9909,16.5171
47.2811,100,92.85,15.6408,4149.38,11.9947,16.5199
47.4787,100,93.0199,14.8959,4149.38,11.9943,16.5307
47.2788,99.8759,93.5377,14.9656,4115.23,11.9936,16.543
47.3487,100,93.5286,14.992,4098.36,12.0021,16.5357
47.5117,100,92.5531,15.5187,4000,12.0122,16.5398
47.5514,100,92.6578,14.913,4065.04,12.0098,16.5565
47.6744,100,92.1768,15.0526,4081.63,12.017,16.5599
47.7572,100,92.9791,14.8662,4132.23,12.0222,16.5688
47.1357,100,92.9355,15.3199,4149.38,12.0138,16.5904
47.6014,100,92.7215,15.3153,4115.23,12.0208,16.6029
47.5225,100,92.8423,15.2352,4149.38,12.0262,16.6038
47.4164,100,92.9494,15.1712,4132.23,12.0286,16.6097
46.9134,100,93.3326,15.5093,4032.26,12.0245,16.6265
47.4248,100,92.781,15.1069,4149.38,12.0233,16.6338
47.1289,100,93.2225,15.3608,4081.63,12.0203,16.6472
47.4849,100,93.5663,14.9063,4166.67,12.0302,16.6533
47.2462,100,93.2232,15.272,4081.63,12.0385,16.6566
47.1607,100,92.9137,15.0266,4149.38,12.0414,16.6611
47.7095,100,92.9521,14.9311,4098.36,12.0389,16.6802
47.6078,99.8725,93.3733,15.022,4115.23,12.0293,16.6855
47.1723,100,93.3571,14.6162,4149.38,12.0306,16.7002
47.1195,99.8397,93.5563,15.542,4048.58,12.0376,16.7068
47.8479,100,92.8735,15.3028,4048.58,12.0542,16.7135
48.0488,100,92.8717,14.5604,4132.23,12.0617,16.7289
46.961,100,93.9286,14.7368,4098.36,12.0686,16.7298
47.1061,100,92.9375,15.2188,4132.23,12.0693,16.7357
46.5258,100,93.9714,14.7274,4166.67,12.0835,16.7314
47.52,100,93.6484,14.1404,4098.36,12.086,16.7457
48.285,100,93.2287,14.0056,4098.36,12.1014,16.7508
48.6397,100,94.1623,16.0371,4149.38,12.106,16.7667
49.5329,100,95.1628,16.9778,4098.36,12.105,16.7816
50.7585,100,96.7509,17.6287,4098.36,12.0979,16.7846
54.497,100,100,22.9051,4032.26,12.1018,16.7979
63.1523,100,100,30.7447,4098.36,12.1155,16.8096
72.6834,100,100,39.5586,4132.23,12.1297,16.8125
78.4737,100,100,45.6191,4081.63,12.1351,16.8222
82.7144,100,100,49.502,4201.68,12.1437,16.8387
82.0287,100,100,49.4278,4081.63,12.1456,16.8591
77.1387,100,100,44.796,4149.38,12.1537,16.8655
67.6455,100,100,36.3395,4149.38,12.1449,16.8832
55.6997,100,100,23.2618,4201.68,12.1543,16.8833
39.522,92.4428,84.4582,7.13922,4201.68,12.1624,16.8876
23.2249,74.6863,68.1698,0,4166.67,12.1677,16.8958
8.02904,62.6267,55.4625,0,4016.06,12.167,16.9018
0,53.6512,46.8859,0,4115.23,12.1689,16.9033
0,47.0171,39.5054,0,4032.26,12.1875,16.9066
0,0,0,0,4132.23,12.1891,16.9263
0,0,0,0,4132.23,12.1948,16.9356
0,0,0,0,4184.1,12.2057,16.9408
0,0,0,0,4098.36,12.2228,16.9364
0,0,0,0,4081.63,12.2258,16.9445
0,0,0,0,4098.36,12.2355,16.9469
0,0,0,0,4132.23,12.2416,16.9528
0,0,0,0,4149.38,12.2485,16.9585
0,0,0,0,4184.1,12.2496,16.9787
0,0,0,0,4149.38,12.25,16.9842
0,0,0,0,4048.58,12.2481,16.9979
0,0,0,0,4149.38,12.2547,16.9992
0,0,0,0,4132.23,12.2474,17.0015
0,0,0,0,4000,12.255,17.0135
0,0,0,0,4132.23,12.2511,17.0237
0,0,0,0,4081.63,12.2541,17.0407
0,0,0,0,4081.63,12.2422,17.059
0,0,0,0,4132.23,12.2459,17.059
0,0,0,0,4098.36,12.2642,17.0729
0,0,0,0,4132.23,12.2801,17.0722
0,0,0,0,4081.63,12.2915,17.076
0,0,0,0,4132.23,12.2901,17.0801
0,0,0,0,4132.23,12.2997,17.0922
0,0,0,0,4048.58,12.2936,17.1018
0,0,0,0,4098.36,12.2919,17.1119
0,0,0,0,4098.36,12.2968,17.1151
0,0,0,0,4132.23,12.2962,17.132
0,0,0,0,4132.23,12.2933,17.1548
0,0,0,0,4149.38,12.2962,17.1616
0,0,0,0,4098.36,12.3074,17.1572
0,0,0,0,4149.38,12.3119,17.1614
0,0,0,0,4132.23,12.3159,17.1606
0,0,0,0,4098.36,12.3326,17.1639
0,0,0,0,4032.26,12.3252,17.1795
0,0,0,0,4132.23,12.3345,17.1828
0,0,0,0,4081.63,12.3464,17.1822
0,0,0,0,4098.36,12.3398,17.195
0,0,0,0,4098.36,12.3578,17.1935
0,0,0,0,4132.23,12.3764,17.1896
0,0,0,0,4065.04,12.3837,17.2054
0,0,0,0,4098.36,12.3818,17.2213
0,0,0,0,4166.67,12.3657,17.2345
0,0,0,0,4149.38,12.3827,17.2556
0,0,0,0,4098.36,12.3906,17.2655
0,0,0,0,4149.38,12.3887,17.2767
0,0,0,0,4132.23,12.3902,17.2925
0,0,0,0,4098.36,12.3924,17.2996
0,0,0,0,4098.36,12.3995,17.3093
0,0,0,0,4081.63,12.4037,17.3191
0,0,0,0,4098.36,12.408,17.339
0,0,0,0,4081.63,12.4071,17.3493
0,0,0,0,4098.36,12.413,17.3515
0,0,0,0,4166.67,12.4286,17.3576
0,0,0,0,4149.38,12.434,17.3629
0,0,0,0,4098.36,12.4442,17.3592
0,0,0,0,4098.36,12.4443,17.3919
0,0,0,0,4098.36,12.4485,17.3873
0,0,0,0,4149.38,12.4363,17.4007
0,0,0,0,4149.38,12.4422,17.4191
0,0,0,0,4149.38,12.4434,17.4187
0,0,0,0,4048.58,12.4337,17.4248
0,0,0,0,4149.38,12.4389,17.4271
0,0,0,0,4115.23,12.4377,17.4355
0,0,0,0,4149.38,12.4492,17.4396
0,0,0,0,4149.38,12.4647,17.4476
0,0,0,0,4098.36,12.4634,17.4652
0,0,0,0,4149.38,12.4691,17.4735
0,0,0,0,4098.36,12.4707,17.4895
0,0,0,0,4166.67,12.4732,17.506
0,0,0,0,4098.36,12.485,17.513
0,0,0,0,4098.36,12.4836,17.5178
0,0,0,0,4115.23,12.4867,17.5329
0,0,0,0,4132.23,12.4959,17.5413
0,0,0,0,4098.36,12.4982,17.5452
0,0,0,0,4115.23,12.506,17.5579
0,0,0,0,4149.38,12.5023,17.5594
0,0,0,0,4081.63,12.501,17.5648
0,0,0,0,4132.23,12.4934,17.5715
0,0,0,0,4098.36,12.4989,17.5821
0,0,0,0,4149.38,12.4965,17.583
0,0,0,0,4149.38,12.5009,17.5923
0,0,0,0,4098.36,12.513,17.5871
0,0,0,0,4081.63,12.5064,17.5955
0,0,0,0,4098.36,12.5043,17.6061
0,0,0,0,4132.23,12.5026,17.6044
0,0,0,0,4048.58,12.501,17.6136
0,0,0,0,4132.23,12.504,17.6173
0,0,0,0,4098.36,12.4999,17.6217
0,0,0,0,4098.36,12.4866,17.645
0,0,0,0,4081.63,12.4999,17.6488
0,0,0,0,4132.23,12.5069,17.6687
0,0,0,0,4065.04,12.5141,17.6665
0,0,0,0,4166.67,12.5018,17.6767
0,0,0,0,4048.58,12.5079,17.6941
0,0,0,0,4132.23,12.5121,17.7169
0,0,0,0,4132.23,12.5108,17.7254
0,0,0,0,4132.23,12.5133,17.732
0,0,0,0,4132.23,12.5136,17.7417
0,0,0,0,4048.58,12.5261,17.7453
0,0,0,0,4115.23,12.5179,17.7546
0,0,0,0,4115.23,12.5252,17.7621
0,0,0,0,4115.23,12.5298,17.7679
0,0,0,0,4048.58,12.5251,17.7797
0,0,0,0,4098.36,12.5208,17.7865
0,0,0,0,4098.36,12.5272,17.7953
0,0,0,0,4065.04,12.5285,17.7979
0,0,0,0,4132.23,12.531,17.81
0,0,0,0,4149.38,12.5235,17.8235
0,0,0,0,4098.36,12.5303,17.8245
0,0,0,0,4166.67,12.5261,17.8378
